                            OLS Regression Results                            
==============================================================================
Dep. Variable:                  cases   R-squared:                       0.993
Model:                            OLS   Adj. R-squared:                  0.984
Method:                 Least Squares   F-statistic:                     113.5
Date:                Wed, 21 Sep 2022   Prob (F-statistic):           4.07e-36
Time:                        10:57:08   Log-Likelihood:                 110.49
No. Observations:                 104   AIC:                            -105.0
Df Residuals:                      46   BIC:                             48.40
Df Model:                          57                                         
Covariance Type:            nonrobust                                         
==============================================================================
                 coef    std err          t      P>|t|      [0.025      0.975]
------------------------------------------------------------------------------
const       2.377e-16      0.012   1.93e-14      1.000      -0.025       0.025
アデノウイルス       -0.2816      0.040     -7.004      0.000      -0.362      -0.201
インフル          -0.1938      0.062     -3.119      0.003      -0.319      -0.069
エンテロ           0.1566      0.021      7.315      0.000       0.114       0.200
お腹             0.0897      0.028      3.252      0.002       0.034       0.145
コクサッキー         0.0446      0.020      2.186      0.034       0.004       0.086
こども           -0.4402      0.111     -3.964      0.000      -0.664      -0.217
コロナ            0.6273      0.102      6.138      0.000       0.422       0.833
プツプツ           0.1868      0.029      6.515      0.000       0.129       0.245
ヘルパンギーナ        0.8604      0.044     19.484      0.000       0.772       0.949
ヘルペス          -0.3042      0.042     -7.261      0.000      -0.389      -0.220
ホジキン           0.0464      0.017      2.739      0.009       0.012       0.081
マイコプラズマ        0.1905      0.069      2.757      0.008       0.051       0.330
レジオネラ          0.1888      0.025      7.617      0.000       0.139       0.239
ワクチン          -1.1388      0.136     -8.389      0.000      -1.412      -0.866
下痢             0.2803      0.056      5.041      0.000       0.168       0.392
丘疹             0.0863      0.020      4.402      0.000       0.047       0.126
乳児            -0.2984      0.034     -8.735      0.000      -0.367      -0.230
乳幼児            0.0712      0.024      2.952      0.005       0.023       0.120
保育園            0.3336      0.049      6.771      0.000       0.234       0.433
受診             0.1898      0.038      5.025      0.000       0.114       0.266
口腔             0.1055      0.034      3.068      0.004       0.036       0.175
咽頭             0.1182      0.022      5.448      0.000       0.075       0.162
嘔吐            -0.0955      0.046     -2.056      0.045      -0.189      -0.002
夏風邪           -0.9272      0.061    -15.193      0.000      -1.050      -0.804
子ども            0.1727      0.045      3.826      0.000       0.082       0.264
子供             0.2808      0.041      6.771      0.000       0.197       0.364
小児            -0.2281      0.049     -4.618      0.000      -0.327      -0.129
小児科            0.6066      0.114      5.299      0.000       0.376       0.837
幼児             0.1418      0.045      3.186      0.003       0.052       0.231
幼稚園           -0.2225      0.043     -5.190      0.000      -0.309      -0.136
手のひら           0.1388      0.029      4.718      0.000       0.080       0.198
手洗い           -0.1137      0.051     -2.221      0.031      -0.217      -0.011
敗血症            0.1228      0.017      7.072      0.000       0.088       0.158
水泡            -0.2038      0.037     -5.474      0.000      -0.279      -0.129
水疱             0.1718      0.035      4.880      0.000       0.101       0.243
水痘             0.0902      0.021      4.232      0.000       0.047       0.133
消毒            -0.4493      0.082     -5.448      0.000      -0.615      -0.283
溶連菌            0.3638      0.086      4.251      0.000       0.192       0.536
特効薬           -0.4039      0.047     -8.524      0.000      -0.499      -0.309
疱疹             0.1362      0.042      3.281      0.002       0.053       0.220
疲れ            -0.3952      0.041     -9.604      0.000      -0.478      -0.312
病院            -0.2140      0.050     -4.280      0.000      -0.315      -0.113
痒み             0.1993      0.032      6.145      0.000       0.134       0.265
痛い            -0.2462      0.047     -5.230      0.000      -0.341      -0.151
痛く            -0.2206      0.029     -7.602      0.000      -0.279      -0.162
発疹            -0.2028      0.055     -3.666      0.001      -0.314      -0.091
皮膚             0.1754      0.040      4.419      0.000       0.096       0.255
結膜炎           -0.1782      0.035     -5.121      0.000      -0.248      -0.108
肺炎             0.3648      0.060      6.047      0.000       0.243       0.486
腫れ             0.1520      0.043      3.554      0.001       0.066       0.238
蕁麻疹            0.7470      0.147      5.081      0.000       0.451       1.043
解熱剤            0.3263      0.105      3.122      0.003       0.116       0.537
赤ちゃん           0.2101      0.035      5.945      0.000       0.139       0.281
足裏            -0.2455      0.052     -4.705      0.000      -0.351      -0.140
高熱             0.1784      0.070      2.558      0.014       0.038       0.319
麻疹            -0.5895      0.126     -4.675      0.000      -0.843      -0.336
鼻水            -0.2792      0.050     -5.562      0.000      -0.380      -0.178
==============================================================================
Omnibus:                        5.460   Durbin-Watson:                   2.472
Prob(Omnibus):                  0.065   Jarque-Bera (JB):                5.291
Skew:                           0.371   Prob(JB):                       0.0710
Kurtosis:                       3.818   Cond. No.                         67.5
==============================================================================

Notes:
[1] Standard Errors assume that the covariance matrix of the errors is correctly specified.
